AIC_20230815_1,36,3,7,900
AIC_20230815_2,36,3,13,900
AIC_20230815_3,36,3,15,900
AIC_20230815_4,36,3,6,900
AIC_20230815_5,36,3,17,900
AIC_20230815_6,36,3,17,900
AIC_20230815_7,36,3,33,900
AIC_20230815_8,36,3,22,900
AIC_20230815_9,36,3,31,900
AIC_20230815_10,36,3,27,900
AIC_20230815_11,36,3,12,900
AIC_20230815_12,36,3,19,900
AIC_20230815_13,36,3,27,900
AIC_20230815_14,36,3,10,900
AIC_20230815_15,36,3,7,900
AIC_20230815_16,36,3,29,900
AIC_20230815_17,36,3,29,900
AIC_20230815_18,36,3,31,900
AIC_20230815_19,36,3,16,900
AIC_20230815_20,36,3,10,900
AIC_20230815_21,36,3,13,900
AIC_20230815_22,36,3,12,900
AIC_20230815_23,36,3,28,900
AIC_20230815_24,36,3,23,900
AIC_20230815_25,36,3,14,900
AIC_20230815_26,36,3,25,900
AIC_20230815_27,36,3,15,900
AIC_20230815_28,36,3,9,900
AIC_20230815_29,36,3,17,900
AIC_20230815_30,36,3,28,900
AIC_20230815_31,36,3,33,900
AIC_20230815_32,36,3,14,900
AIC_20230815_33,36,3,20,900
AIC_20230815_34,36,3,34,900
AIC_20230815_35,36,3,30,900
AIC_20230815_36,36,3,16,900
AIC_20230815_37,36,3,9,900
AIC_20230815_38,36,3,6,900
AIC_20230815_39,36,3,21,900
AIC_20230815_40,36,3,5,900
AIC_20230815_41,36,3,25,900
AIC_20230815_42,36,3,32,900
AIC_20230815_43,36,3,15,900
AIC_20230815_44,36,3,7,900
AIC_20230815_45,36,3,14,900
AIC_20230815_46,36,3,15,900
AIC_20230815_47,36,3,27,900
AIC_20230815_48,36,3,14,900
AIC_20230815_49,36,3,19,900
AIC_20230815_50,36,3,27,900
