MSC_20230814_1,36,3,32,900
MSC_20230814_2,36,3,83,900
MSC_20230814_3,36,3,87,900
MSC_20230814_4,36,3,81,900
MSC_20230814_5,36,3,63,900
MSC_20230814_6,36,3,50,900
MSC_20230814_7,36,3,68,900
MSC_20230814_8,36,3,84,900
MSC_20230814_9,36,3,42,900
MSC_20230814_10,36,3,81,900
MSC_20230814_11,36,3,85,900
MSC_20230814_12,36,3,32,900
MSC_20230814_13,36,3,33,900
MSC_20230814_14,36,3,57,900
MSC_20230814_15,36,3,66,900
MSC_20230814_16,36,3,33,900
MSC_20230814_17,36,3,80,900
MSC_20230814_18,36,3,62,900
MSC_20230814_19,36,3,89,900
MSC_20230814_20,36,3,37,900
MSC_20230814_21,36,3,63,900
MSC_20230814_22,36,3,38,900
MSC_20230814_23,36,3,89,900
MSC_20230814_24,36,3,49,900
MSC_20230814_25,36,3,78,900
MSC_20230814_26,36,3,40,900
MSC_20230814_27,36,3,87,900
MSC_20230814_28,36,3,52,900
MSC_20230814_29,36,3,50,900
MSC_20230814_30,36,3,73,900
MSC_20230814_31,36,3,47,900
MSC_20230814_32,36,3,62,900
MSC_20230814_33,36,3,54,900
MSC_20230814_34,36,3,58,900
MSC_20230814_35,36,3,83,900
MSC_20230814_36,36,3,38,900
MSC_20230814_37,36,3,47,900
MSC_20230814_38,36,3,84,900
MSC_20230814_39,36,3,44,900
MSC_20230814_40,36,3,76,900
MSC_20230814_41,36,3,84,900
MSC_20230814_42,36,3,69,900
MSC_20230814_43,36,3,70,900
MSC_20230814_44,36,3,35,900
MSC_20230814_45,36,3,58,900
MSC_20230814_46,36,3,53,900
MSC_20230814_47,36,3,83,900
MSC_20230814_48,36,3,56,900
MSC_20230814_49,36,3,64,900
MSC_20230814_50,36,3,82,900
