REF_20230814_1,36,3,28,900
REF_20230814_2,36,3,28,900
REF_20230814_3,36,3,23,900
REF_20230814_4,36,3,6,900
REF_20230814_5,36,3,9,900
REF_20230814_6,36,3,31,900
REF_20230814_7,36,3,29,900
REF_20230814_8,36,3,20,900
REF_20230814_9,36,3,33,900
REF_20230814_10,36,3,26,900
REF_20230814_11,36,3,8,900
REF_20230814_12,36,3,34,900
REF_20230814_13,36,3,30,900
REF_20230814_14,36,3,28,900
REF_20230814_15,36,3,13,900
REF_20230814_16,36,3,21,900
REF_20230814_17,36,3,32,900
REF_20230814_18,36,3,10,900
REF_20230814_19,36,3,31,900
REF_20230814_20,36,3,12,900
REF_20230814_21,36,3,11,900
REF_20230814_22,36,3,13,900
REF_20230814_23,36,3,24,900
REF_20230814_24,36,3,23,900
REF_20230814_25,36,3,14,900
REF_20230814_26,36,3,7,900
REF_20230814_27,36,3,8,900
REF_20230814_28,36,3,20,900
REF_20230814_29,36,3,28,900
REF_20230814_30,36,3,22,900
REF_20230814_31,36,3,14,900
REF_20230814_32,36,3,29,900
REF_20230814_33,36,3,10,900
REF_20230814_34,36,3,12,900
REF_20230814_35,36,3,31,900
REF_20230814_36,36,3,12,900
REF_20230814_37,36,3,17,900
REF_20230814_38,36,3,28,900
REF_20230814_39,36,3,27,900
REF_20230814_40,36,3,16,900
REF_20230814_41,36,3,24,900
REF_20230814_42,36,3,25,900
REF_20230814_43,36,3,30,900
REF_20230814_44,36,3,8,900
REF_20230814_45,36,3,18,900
REF_20230814_46,36,3,19,900
REF_20230814_47,36,3,30,900
REF_20230814_48,36,3,16,900
REF_20230814_49,36,3,32,900
REF_20230814_50,36,3,9,900
